[1] (0.800000)
[2] (1.000000)
[3] (0.800000)
[4] (0.800000)
[5] (0.400000)
[6] (0.200000)
[7] (0.200000)
[1, 2] (0.800000)
[2, 3] (0.800000)
[2, 4] (0.800000)
[2, 7] (0.200000)
[3, 5] (0.400000)
[6, 2] (0.200000)
[1, 2, 3] (0.800000)
[1, 2, 4] (0.600000)
[2, 3, 5] (0.400000)
[2, 4, -1, 3] (0.600000)
[2, 4, -1, 7] (0.200000)
[6, 2, 4] (0.200000)
[6, 2, 7] (0.200000)
[1, 2, 3, 5] (0.400000)
[1, 2, 4, -1, 3] (0.600000)
[2, 4, -1, 3, 5] (0.200000)
[6, 2, 4, -1, 7] (0.200000)
[1, 2, 4, -1, 3, 5] (0.200000)
